731520
537407
162606
887940
617045
741651
53168
586060
220085
94957
585887
220484
477783
626030
93759
461489
416484
495810
530599
251850
554007
164486
650849
442949
614610
866199
362170
666710
552996
964881
832045
872639
818942
419209
405891
262
673112
57001
430963
811404
704629
292763
598048
719089
779575
523506
985368
694396
20770
977459
310391
391288
826197
126492
524454
934021
847560
642490
293917
470422
101718
599667
266399
130480
922187
987915
930895
192132
484820
122512
872538
95755
564999
271682
254053
132839
250761
921736
736750
273225
42036
169321
912077
982461
784379
968403
315622
997048
357481
705823
626816
947215
279136
935595
370149
812471
653277
15508
386582
2035
20204
62894
438059
468541
909822
535634
261391
257954
152296
591856
99102
336996
350415
526996
171904
694982
79536
578783
805095
543748
874172
460723
956866
672925
347976
835396
524963
70779
241459
582913
451368
687511
563935
563098
769671
856477
835913
562352
452169
205390
946689
191464
498690
2796
389679
525837
597676
683415
617806
692218
291695
658675
543464
107887
584529
161808
242104
414884
818270
580624
206588
854867
560555
880789
383678
463155
44658
68352
945445
742441
116135
7269
739400
635171
987134
185723
631086
403149
712229
362045
995419
329905
854780
341535
43197
17223
624037
520823
930126
598462
166536
777428
996752
438197
517936
726670
122989
614046
448126
187208
255782
697835
215337
626500
310906
503139
447195
273426
943565
231163
86149
518086
174569
344878
146485
911462
140853
716810
904836
780887
688793
531541
639500
373636
387254
615607
468718
200973
133519
186810
227907
278568
989065
929869
740087
273314
417960
305890
797397
986884
263179
767859
700432
150612
980257
654715
919587
622925
330212
933577
499327
164828
532569
504575
84590
51553
490377
829215
252031
492518
163509
999948
458602
958088
306410
115358
713918
819003
19597
40838
433470
154301
941891
713938
802154
269506
591959
79848
90121
157765
836220
9764
812502
660863
333035
104727
30794
275202
983020
347102
959043
461182
77994
709382
4802
877751
917114
484488
622587
823780
878463
611005
688624
643585
863925
207044
734572
718849
351959
441913
46232
759524
176974
520266
303532
621519
342979
553328
516763
81180
530167
11246
309216
535621
91431
854765
952188
767518
767851
657573
132153
109765
59754
69092
920561
59536
716172
372783
447947
356270
507775
530636
224991
473410
414654
864399
698441
184568
326782
555431
95992
564919
300570
517692
534816
296326
488667
402544
38958
434608
913110
469660
692699
293873
935878
16847
513496
444750
920698
443814
403325
27528
271242
343917
172700
750749
151844
984767
949623
739299
591125
577386
299294
756877
904072
816924
722864
1840
416929
586011
586203
158597
33932
630011
897842
641529
194225
902036
118226
953643
163088
358711
453366
360257
357867
277490
43141
719028
461626
109743
176131
347731
630081
823322
767553
549494
306818
164280
515351
745734
851772
494113
530023
364280
652020
943235
722284
18337
112498
73699
395551
77968
107648
104436
874759
813631
58383
139415
13614
811874
768474
589390
776631
680395
952563
505867
337462
424524
417772
179228
132125
206921
255635
702699
307011
836669
390870
658262
132846
406527
224772
454001
227143
259011
249267
180613
671187
553640
14081
571833
210878
40745
907232
166979
9078
734568
757234
264875
28618
627318
468550
878171
112987
432067
940395
418556
27530
935380
843503
887754
245962
780998
28520
477862
724275
247556
726155
780313
729486
91220
44666
936131
916991
277931
289895
56850
381805
497236
623205
940066
193408
690207
386762
644690
259917
980586
388773
138381
257222
223338
243600
344676
532228
421183
983713
68866
197017
576061
294944
344080
556303
745245
177041
359197
556445
726002
28511
290322
931710
613557
514045
751933
656844
246499
738053
861003
879957
88919
869097
564412
140027
774143
801546
627794
585473
591121
78115
338250
120369
472097
365660
219203
173884
927380
926931
546237
1388
233325
726615
372930
618575
953943
68695
985822
78238
596
720248
687690
499831
156407
18343
763624
78476
849513
261912
821156
52082
628090
325813
624341
466451
256275
773135
27761
254535
726385
755322
78450
710808
881094
263324
169738
823229
957050
825693
301203
153548
27648
716107
648680
395240
834063
70308
241122
706462
184719
168839
100191
13438
254344
525340
872469
615743
90401
844280
550013
998253
239765
376832
3480
923892
19178
125051
775349
847903
560664
384520
713559
727821
828791
409684
554189
642945
311082
186998
371106
343897
904467
834987
3705
641507
258647
175195
42441
286840
916456
974953
601917
341243
29866
319154
835108
12368
62099
320034
443013
437696
379796
799294
747246
192591
29290
21438
975837
107514
541618
238691
402309
625678
297328
670404
996946
179957
169089
188075
47362
345253
881059
916453
891821
536535
5702
348499
303150
25186
252563
41955
874868
336470
283759
391301
678350
337909
338672
353314
337170
635120
415471
792289
241667
510912
513408
767445
698261
668399
962347
203568
343373
956228
988291
198187
10548
848392
541771
41824
672207
636268
826873
922745
618704
648089
186044
426663
284092
56222
243591
192777
226865
479994
219431
827252
401459
758643
673270
706898
93077
809192
719565
478380
382664
324515
643659
966361
26430
553110
550406
25331
222621
923975
111109
391075
661452
14334
195384
889010
646077
397958
509531
517850
610719
486704
987070
564538
54562
545691
221154
726669
537887
411277
349736
812971
225364
178611
320820
338644
164397
431719
963755
57405
779513
781686
393344
488745
94889
419030
651541
892383
907209
793139
820447
117742
537017
353631
595844
621842
942781
407746
58975
508172
248545
340534
363123
969374
290265
394224
441862
468873
60121
799902
187672
518511
960091
285527
311486
702713
237862
126898
734780
277513
58065
415805
185729
344864
196647
103625
329774
541941
505133
802110
758820
229497
605607
901268
503040
688163
146883
786103
887875
329558
38627
358212
104084
935782
327081
860524
551493
96116
634855
604613
173527
227606
669393
385197
431085
124187
564599
441201
409888
204923
371917
161290
699628
551552
837385
954813
693681
878067
636241
247166
871902
492903
559942
896397
29188
185466
427301
227941
374408
763868
735743
224165
99533
68104
941200
331792
249103
605097
776275
336610
357858
211498
839667
771563
697681
583798
178589
139045
257017
773479
12539
621042
77020
755303
564322
8320
960953
829813
200313
707166
319695
127830
908656
294805
746724
975055
614266
85630
636301
988360
752982
470509
811581
368152
252598
210173
189865
730434
408003
236417
751573
34112
661240
274708
339578
206027
557825
711825
875749
68099
680171
93447
768946
887247
426615
479845
432999
731283
187522
284263
967412
718521
544053
45422
330760
163647
781400
724125
558450
618013
36717
629545
54654
879800
655222
295977
137891
191840
439477
989231
51302
88704
448054
727821
605105
976456
385992
886729
864736
299930
554571
892935
827761
791539
444309
902370
984592
320795
284057
786751
840769
721909
483951
753610
164326
800324
736346
516892
672512
120014
224536
802477
653389
794010
760366
485400
293916
467011
404991
760297
114237
305307
440975
307765
585686
934833
102905
651340
226908
683332
815852
806200
211378
880528
995787
399703
320911
381517
635006
206224
11311
693693
626947
330461
192264
759328
133368
544692
803782
10993
959872
14761
978828
707116
937384
868370
564054
62650
984646
953351
742007
267969
598584
424666
402169
265691
735905
229186
775268
670418
191797
623911
533247
697903
54478
224912
346451
866463
668985
851369
520953
572573
306653
887166
73361
762426
172711
144724
418959
492140
403861
887274
759940
536715
387298
803937
833367
996543
3868
287531
786310
22833
790517
830
22940
385024
815287
586929
625942
498143
296915
896381
590452
964428
294454
818087
712627
697509
399984
491643
301332
819740
955080
749712
990685
553165
985967
363966
561567
923551
92490
499873
463583
50954
499884
888250
272319
945621
86757
879694
701519
145619
945434
136908
188130
719040
532641
638460
801384
675193
109765
606588
897893
442254
659766
359897
906799
664967
459914
29492
680028
323578
916326
292152
230564
696225
61296
281520
169080
389100
227
824586
518894
793513
61808
337934
410701
980460
90660
418424
73520
498810
185959
458801
221119
63839
625286
24511
505362
687520
417102
127229
255946
341042
30619
634667
891187
346561
315947
564848
245250
752470
473107
33663
681166
986857
727146
512083
339382
366462
101844
884893
453805
390614
800472
344750
575450
34835
631624
630711
983588
966502
691037
881616
494570
531943
143859
451338
207356
330204
955721
482574
15219
172499
448034
474977
247082
589803
88359
459543
408444
290708
215512
329829
287510
544808
150690
940735
249684
913018
268627
552867
742046
602658
437964
679603
529302
78969
5665
682789
644107
260403
919999
803082
768011
126979
918502
112437
682813
211273
320178
906534
469913
643853
988556
125549
600781
307699
366152
644498
710435
657324
566697
629468
100974
660960
428193
480010
97630
374621
611431
599906
24168
283078
175430
184114
576823
914001
824113
625829
829923
911920
899156
925213
600089
494689
882698
965039
980691
673661
382275
554005
230712
963626
94492
839647
396319
710729
689516
758068
276835
461064
171991
519092
986744
525165
598723
12342
169934
210641
457035
244614
316233
45924
244971
473084
975942
731468
702319
389919
177510
334093
233417
867042
776701
187497
966309
910688
907416
340849
250564
922237
601232
802715
343090
661973
670460
962183
625688
236668
479351
971103
781898
458618
933707
903428
267425
701819
253843
305584
866696
946654
905480
201819
868773
549765
787252
555867
669598
159542
992781
785128
295098
306959
963191
330525
139245
602798
867601
78209
926420
392267
638029
148491
341376
893771
387751
352399
366009
837024
893023
760890
233346
646146
696397
868511
599321
210460
80115
776778
144719
822409
682932
329921
512339
909943
225329
344734
89897
438220
952438
268323
871057
782346
29014
292305
310976
77129
274062
493039
81495
879877
156888
97434
770021
837792
911485
164090
23713
105136
888536
547251
698657
216499
867274
123775
259919
183141
853375
965447
787274
958185
278345
547415
469368
860601
798479
716880
345681
417725
480197
228241
855918
415484
562431
18855
371135
935211
282201
359287
894875
814485
694311
811877
909876
558266
735101
122093
986865
803276
976333
737111
471441
769593
284940
533643
607100
77701
743300
466516
445653
748661
472484
626513
701794
383751
154726
507581
725522
334321
789076
914569
929348
144705
856619
756239
55368
387155
769465
406111
716841
684765
228709
310459
457133
763570
92293
791424
583715
63903
23237
243289
204598
559264
200180
522357
142736
106655
947039
603342
666324
113773
792857
251968
500534
778117
666957
277311
562085
735892
224835
558927
648804
167007
994292
30009
541659
657429
159187
614384
343086
663715
57631
123913
566446
382986
515708
967888
617084
571479
187328
123409
406818
825529
24620
160358
65949
90678
969356
290699
978247
840032
937855
100778
566605
435030
48302
999676
336971
433707
766525
349341
75464
877430
314026
735939
191534
43302
443535
105803
64484
631681
739725
559950
204037
143836
890480
350878
181560
790006
558426
418136
403724
981709
186665
954894
35963
735654
618961
998670
415672
598762
853682
670751
413325
665403
483641
204663
204666
810079
894922
675591
485588
990622
897
491743
250893
179899
531227
740898
427267
865756
229746
250034
65252
886808
396542
46872
632165
630567
149493
439476
612816
20547
100053
387277
860487
421641
38758
845135
950148
759323
237305
117899
57327
767647
417821
333438
470234
694527
325244
974094
735248
709849
890206
871227
789620
751011
473639
121572
771122
616865
927568
551933
32656
216653
836856
66563
998739
419813
241875
981775
300837
649832
56053
273835
593568
274449
869117
773021
964440
189368
732103
846371
827749
257768
416703
827903
423525
867376
176699
341662
84721
319477
157292
570042
813702
176568
403160
749182
787917
778590
846769
809061
813682
365378
23896
344031
363849
56606
695546
783422
414179
118048
217265
721869
211511
68378
364066
415512
703663
982766
426524
899286
203586
331925
7950
413572
191370
706549
785115
798509
76824
587619
617256
312463
141337
669786
81187
334605
933118
965858
289167
947913
949346
425552
673367
132627
707386
766416
677356
346588
164604
492963
923360
754235
409497
883676
972387
919633
257512
943555
84230
289866
993459
341604
852188
374193
371358
815428
880505
451150
655092
228992
351066
923250
477054
984298
61344
83512
664169
457792
51265
792490
172580
108185
841071
699075
27196
260458
155887
246658
67886
902782
844133
831142
893787
747086
947595
869124
959533
242317
7128
408023
330691
922559
901975
554074
349882
827083
488037
560380
462681
21852
706119
124633
271196
428440
32307
585788
498126
584272
803910
191066
614913
53244
85218
90006
511211
154264
611264
99960
777515
16429
422346
351193
42249
492170
449271
508387
198042
162408
929806
407183
182763
762145
62025
994756
30836
480203
527907
613932
153294
112418
793124
111644
37682
300677
724310
301729
105970
374065
556348
763045
83791
680957
439755
768916
82251
463510
296160
620830
186695
369608
426604
370152
31698
821860
415838
256131
561699
874082
810854
799279
420686
446377
411171
964887
956845
576518
368593
392553
134243
860718
382362
403037
886314
889426
438054
384642
996716
343465
808772
930103
270636
778318
928518
319884
698731
774746
499373
234931
935636
627547
235075
384540
50601
857469
109165
577182
258998
598956
484510
886389
818981
852991
349501
759842
873477
126615
103309
352487
167140
409726
45221
281316
357184
450317
484169
655886
486895
353431
704527
487083
631714
391406
637393
142535
230862
71279
978246
940348
279708
476598
560221
78913
269219
332701
411110
718120
776184
378125
571609
855589
834719
872242
728478
151865
713790
408703
412965
320853
773555
243485
395941
709661
35845
983332
6258
922221
410616
582579
3573
224430
89590
5647
380688
860571
695710
272493
315565
737618
572930
487420
688621
917550
560516
749428
224381
712602
927260
679741
142087
400640
472820
591244
696144
880470
334101
8378
362
8845
667810
210174
471427
154386
25751
502819
339380
871539
534633
585073
565538
212075
492336
55684
978795
720711
239622
553139
707471
383698
944987
721635
747637
388470
138279
918018
729179
713625
84316
925391
542705
643397
103663
368236
944918
880143
639837
853926
273974
515151
488170
26883
919392
835204
17845
189382
626432
438371
854391
391411
884780
555139
203521
318247
243243
563217
633184
150523
912753
300520
98857
438844
818375
602585
364355
702766
922121
611180
638572
72182
91747
814767
589838
239839
771274
539448
180973
13705
343097
668882
379058
575920
104120
150151
821828
338756
57415
792348
175780
728692
407226
340551
86074
854054
886759
100376
403192
898328
950390
639611
977060
961885
89085
677405
59062
554622
371405
35037
272631
675225
223804
109232
471434
450939
774909
891279
696931
435479
526338
552005
93149
830799
504599
487553
127474
112005
394293
428244
346331
938658
718553
410169
773871
107248
414144
843993
146289
631458
278057
88130
83835
221351
899630
896925
180459
178956
711229
419190
612324
334809
701460
558034
115150
749419
888335
597202
27440
550402
595498
579263
865904
525938
970047
668119
913260
727722
839145
782581
708453
609297
397411
847513
458480
440154
56496
295556
613826
474005
604888
111674
804278
76536
673601
574635
24090
89756
285513
678767
974722
808149
649730
660004
913895
672715
884402
516099
512704
996969
886429
610581
708520
533003
317743
678110
535869
725623
353791
670031
688327
791325
928776
189953
10239
847016
797635
762529
955678
312537
25821
550434
506683
328180
629952
864989
166128
915168
192414
757212
294606
815190
685718
989643
694107
921095
692157
74042
44507
763923
756469
735035
270350
356621
756134
934409
93022
816695
570618
969637
264261
985872
382513
644002
80576
943399
384568
807029
668586
445357
402671
627061
50386
882722
805751
505698
777156
933435
167097
685814
335630
176027
408276
25205
790692
777188
817767
722705
153933
601691
38560
805010
723238
797352
404402
168415
295311
223937
480118
404481
595440
308837
87254
611871
750135
140109
445006
945212
420547
793894
555468
83710
530304
608540
552554
459306
331088
862953
466754
291226
992868
206201
686061
361907
86733
692736
444015
491295
70445
752248
766281
512719
467848
338650
481986
839182
652244
830867
190741
69048
139510
674070
868558
219752
506824
885368
386994
37534
522253
39428
477497
127623
406184
478374
63783
881837
804528
757661
901152
28425
857296
110
213644
241181
831765
369214
733627
975502
866091
883380
433365
101636
554887
34903
955895
226799
612868
697570
863959
718513
840958
708259
940310
121362
382353
667135
3970
974561
216028
832644
999341
750158
182705
550535
818414
180199
470504
959393
386665
24090
524592
404958
632960
592067
966024
852054
641158
105369
281085
89918
293472
795709
563902
531721
901502
740498
313043
740764
13226
397738
574366
270068
778592
102473
935915
140236
471936
55387
416482
247246
145314
609629
420905
956050
657099
805200
351709
571455
509295
633527
989820
781258
933896
68255
5445
991509
158799
442266
366916
493311
512113
426939
123519
396807
553882
869366
721532
999400
396673
36761
622144
657492
403210
184924
146779
954221
749473
79522
951395
719915
830655
849042
139815
890903
997746
827897
274986
660614
228140
607243
564712
328006
901299
566773
571870
158372
900125
443654
935813
871224
327038
944098
642602
114016
309784
367556
476351
504014
561521
441230
752499
837019
930435
435747
134373
339773
628171
180987
185282
822891
122781
931589
851806
160538
378102
883744
68241
670493
119446
915792
705271
59789
556209
620914
619363
123030
851164
204626
691374
361767
323124
810890
457143
329959
984954
400024
848742
859929
83424
880943
198758
815652
748618
294391
71046
982635
590804
607019
381332
954121
74452
254582
512916
962262
779629
351680
214590
432787
832556
658214
230508
70134
389363
423752
252904
487520
150875
942909
205749
484876
648832
80902
309644
826766
44582
320806
329989
612523
657288
752523
906660
986000
879399
202256
908509
347939
578082
704016
359907
163172
618873
813501
198959
714463
526285
429498
701599
281239
98224
671596
952996
862175
176426
641236
884892
304566
940925
349352
967365
542590
772003
316524
36268
683112
176347
563014
714758
347928
220109
507748
507513
540258
148844
205171
915653
34963
253535
18375
461636
578533
893814
446386
739710
551035
603384
152071
401437
873878
73489
159114
755270
113994
106908
18994
271090
551084
100925
25590
544592
258649
954641
871737
637646
808931
882961
78137
616137
436835
812687
383530
352059
340656
258359
698551
948482
14
650499
430929
272076
350512
517736
937833
590810
282793
599774
27858
635848
255988
667048
186150
68053
333327
48486
233761
401852
499572
128790
817588
267159
152155
990440
549864
266846
837957
325050
886840
783453
16560
196821
398605
551893
40484
393712
630554
2761
871295
15137
570967
481948
580743
867139
361454
631572
877684
855496
622763
432519
12316
893906
100293
700898
862904
957313
504292
998573
936936
80486
853508
709958
145098
693047
532746
415352
495662
776110
857043
569710
139824
37119
369370
965398
993289
992256
750284
372692
545372
652525
276406
821992
726550
708621
510178
493096
547668
285538
472375
482683
218162
298465
291082
424825
498653
742803
303924
781690
260390
53556
324355
938193
522637
553130
655700
151304
517046
847435
661587
435553
251854
682517
431613
698480
953412
983212
88718
175841
685926
107161
994032
513762
910193
937615
973671
442845
965290
782120
976580
406135
328509
661905
311617
806094
557054
597796
958407
513315
6678
938500
416822
756340
232166
334299
572861
340471
211224
460314
20473
342518
644514
62935
924823
54074
943230
652342
740191
989276
3802
94142
485656
124375
166780
583540
648178
722578
180199
593497
254553
791308
487489
112915
211322
712752
897548
349953
783781
252555
909615
137305
733832
885936
493848
308605
828152
989014
886900
648330
854395
576095
461881
402131
243106
299644
560229
296381
100351
858026
962269
848089
695537
419005
482334
694542
258050
719730
890527
483711
568268
799077
438898
935657
5511
511367
247871
505047
965622
881842
943962
352968
815890
467760
414217
885455
972798
561708
1636
659610
201436
252820
369132
849019
500080
668416
858602
198431
516932
34715
631799
416615
652398
860657
592440
120667
481326
163347
250093
135252
419778
461712
423142
37977
670778
260373
398528
674928
864288
543679
449913
722778
85964
972649
349000
553625
747469
348707
747577
896626
612716
563731
444189
376501
370172
267803
101500
413821
945692
532513
805595
889355
387786
228432
887614
789092
237174
307297
564555
729785
968465
116467
290083
369345
580483
570458
153301
153079
423322
164285
190039
987975
31789
871162
998750
774730
35927
718539
944254
736227
311925
365272
230680
638651
573071
927532
270641
494837
14873
52467
897750
96683
637566
72008
803227
52890
484006
691506
352021
293841
135793
524494
895015
598140
746116
404128
794977
928181
582304
334977
174285
786872
607878
923463
693808
814529
367558
766022
353763
204663
872076
169610
279295
289593
495062
528401
524301
758073
69885
266504
848928
787174
193614
959459
238906
608061
343458
486362
509567
482653
206675
614838
326303
815801
785083
188516
248793
721974
790269
808913
894058
641893
694480
36188
602941
357119
325598
866073
47792
709245
614835
682275
631786
343491
784724
973016
864709
485199
876804
390692
742643
925037
885752
859334
145166
595315
858811
63305
456673
966484
353763
455605
654903
314872
523192
219432
551936
649696
582061
422763
974312
615845
767861
948590
162949
171314
175609
55678
816037
35631
145928
755369
581920
993527
603615
505808
776966
396644
892389
410714
455477
110511
96046
697804
855119
632141
107963
293412
792901
239749
625108
470891
376723
159016
885613
489027
910690
78034
751568
367743
171723
801651
947502
727004
894608
777614
942079
602338
840095
107117
988710
916176
362763
954820
358296
419101
952214
688313
816231
848107
706123
846282
402681
991105
712970
885044
985654
971502
188550
650712
10592
991111
582383
113215
947039
121497
394563
169539
806988
405624
111419
104283
719077
326742
131148
742311
337728
42203
290397
308525
55600
737350
125886
84449
826469
940729
531463
907791
598660
886319
678501
244684
691133
372613
149734
206822
817517
161973
484640
236084
738704
657090
850212
494499
345274
907842
826600
119446
461089
160891
948104
73555
736156
575847
314929
147477
597114
941084
67775
147324
27667
832632
631961
943055
251797
351656
344115
393186
282332
595794
647711
74981
777264
931521
268743
890302
213665
205359
140768
781203
370466
211463
302167
872427
71865
940002
415934
114258
864185
433768
937964
515238
383308
168188
573809
266463
874415
736172
232320
103565
39032
987157
919389
407040
424770
712409
240340
869185
38281
259073
853372
915843
978377
345650
484073
506605
101581
521681
816776
390181
75065
346719
337417
661534
393468
468742
652254
29210
463813
951960
333937
835001
529900
126004
936483
626191
253967
319548
530010
443849
875700
26421
472876
360885
399921
966314
411423
551900
897953
179536
368669
822646
681488
147180
69092
970642
666272
331679
426485
823300
748055
503320
804159
395920
199602
14338
517510
907117
288408
222864
788077
922807
338524
674042
193192
99901
566537
526464
577380
411924
100208
349545
673587
490760
982772
42891
311616
517167
605719
666826
984666
673325
573147
586488
307432
962172
727869
938825
671579
625144
551939
844486
888666
397032
563575
396861
362813
140853
960441
475022
455716
35313
732371
103782
627205
136786
514929
169258
728139
349804
480136
439367
473230
889081
702101
547438
59209
260515
196264
346541
707507
204818
347805
790939
272518
876704
228550
259583
163084
683677
651287
154692
739382
389048
1975
60814
719722
801237
864315
81172
751688
189911
86867
655586
733503
109586
20769
434663
794097
176147
116569
634701
984288
213302
950721
58221
144111
219540
559817
134889
785388
423847
492278
258674
769440
721385
391680
166919
768875
676307
283237
395100
280474
820075
292840
896732
416674
98262
934700
622304
886508
589080
917708
930061
429334
545924
528485
903311
646547
760000
933457
665037
677665
854343
614590
761890
344686
612480
128960
344953
855523
671630
339936
799520
936062
833255
459637
502314
191265
908125
396977
35961
109375
138984
232520
619414
19735
168526
726126
287192
944695
176538
176728
315327
940119
947712
579812
386775
64118
524461
407489
794534
897775
500908
811016
127007
135272
978478
358380
257089
448533
438490
789670
165874
57176
488887
786990
447081
818674
838626
406349
474698
222576
462666
799275
746851
193033
935322
369170
366293
149030
142231
237945
449420
639918
970735
645548
49230
94071
600501
345932
459681
131517
39622
708140
204387
379237
919140
648574
444447
576176
859154
365934
24401
385478
127730
118238
935964
525964
204079
785881
903896
760680
702849
722136
249048
652787
57917
900695
440591
924159
490496
28598
166232
593973
285078
920409
905348
578562
240023
394933
605122
28002
206419
976106
74826
951435
932289
93528
377201
505236
600633
251727
699981
951324
361873
995596
234555
598913
761475
587695
6648
385697
61471
673587
984531
707255
678558
711659
299002
548875
221331
1022
243362
792446
743648
696092
274856
928279
910591
815690
646375
671585
893815
916362
308711
628330
348453
681075
39703
460444
826133
491483
730405
386509
774142
255191
690558
349013
151465
240151
662962
191895
982840
788014
964169
818650
343792
337256
330461
703282
785003
36547
316876
801896
178405
431931
616467
911265
927156
357636
542162
433243
469601
461615
72310
548975
62254
913363
395042
955430
535437
689532
674505
741134
603147
953329
301620
826507
720966
798369
575647
222483
500539
144210
805794
132988
375825
729608
252847
918964
975658
95598
365098
747764
290231
270190
186509
573242
305961
637390
950152
845906
386522
209363
874546
636622
260560
780970
554796
21738
987710
855728
480799
485197
274145
359321
716603
781098
132941
785182
731895
255096
358994
385636
805546
896140
735500
969360
258094
759607
45508
153755
720181
52088
800693
568750
784236
795626
311023
220207
49218
241889
508407
828633
669633
551019
43670
292187
692917
114734
704474
545585
284968
344027
663741
50895
924990
309131
735267
492810
440511
83332
143141
526196
189208
119363
464243
314930
539595
3510
454433
690661
592746
109313
132563
967944
384821
220296
84316
433480
2771
35869
753852
828196
980413
198461
717646
845612
623177
126006
997061
655891
42161
633337
76159
480592
254200
9970
349441
416702
657290
366043
187443
949297
101499
494195
732157
494930
368266
669503
652320
59271
855706
547203
103562
270100
887774
462905
232801
305449
867307
423841
863176
385267
469212
794968
914735
277678
236000
469895
124344
130763
460088
400051
602227
592934
584337
18542
725650
534739
798995
831914
245163
539903
732829
966582
515836
592100
940021
138673
954799
659066
950501
401083
177542
669874
514826
426913
319502
535640
129963
434232
457937
918807
740410
524329
172339
869575
866980
148172
940018
503424
322016
373039
637482
921571
332537
812894
255272
799647
437930
216206
305885
705152
480820
241981
558849
267092
555440
135211
772635
742468
91859
32540
273344
241302
65170
888260
22872
893058
253320
453663
515479
782891
153963
297778
197500
120225
608538
197490
89422
751509
826237
196365
561781
115528
675574
516127
798004
883610
527597
64227
413026
672525
377547
534950
945594
34253
483222
938278
546904
689216
558563
280397
761603
353798
794651
69882
397805
957000
408798
539456
732273
107488
293979
140464
838649
898994
931602
256331
717632
418982
286627
745656
653815
689254
641399
988430
821123
526172
732865
333437
431031
773975
656627
137741
358703
938651
688389
917905
123047
535554
608967
798816
750233
489632
935205
993337
935496
660147
793459
73194
678785
103157
718085
120659
844159
850548
931551
233308
522643
192241
944184
108244
675108
725717
362577
153056
783072
215346
91606
954420
562757
604391
709820
83860
877260
395360
284118
740221
654104
408310
543328
539857
40902
956170
388796
62461
841747
413845
160233
786619
184921
215399
902642
570235
290599
717737
951399
105473
762937
192515
504822
954962
281794
538064
116798
429174
649133
896733
857784
200644
931480
807839
397626
69568
707998
558987
422799
144923
598302
862388
378062
152568
29549
293214
473645
408653
615241
2253
77783
6695
196257
249475
729425
872256
338773
807605
994888
636679
618415
258182
520120
935729
552863
992502
644924
897020
357154
740084
492894
121233
558621
515862
327308
938458
485409
713759
131496
913956
494905
941150
331274
263089
129516
515905
935357
827391
693788
737391
531692
135734
868324
963252
436560
993678
536834
387436
579470
309100
574087
485470
620997
55462
891763
453611
618416
153236
289556
905880
555180
377243
30053
458303
139378
937042
290920
85784
793335
769963
984167
558889
704406
359656
730203
301109
345515
244850
903612
136000
39526
251590
944807
21622
892794
628215
967923
397891
280920
920774
981273
445865
927494
501923
237723
453553
575558
124118
73922
315472
203852
298782
680781
661130
899184
43564
454626
360022
102607
198974
712286
670590
827283
353241
420774
562706
631538
763311
136538
822320
279723
994490
638504
170057
174005
938926
188222
259308
317052
562355
283948
442489
431881
321262
288677
899113
952889
135213
136092
411860
834533
830733
954432
400542
686645
524318
228529
267193
573109
451849
535299
885328
688310
133187
363108
413045
959299
220199
484226
510692
639057
361268
972610
892056
555759
167495
816601
343236
191017
813561
197181
382509
179112
798182
382032
532275
791724
486690
490527
916698
863523
499536
396927
930819
634362
266188
471662
469822
554906
492613
863485
437743
554909
371768
338744
846696
333412
849703
333964
628712
91944
403003
753391
227031
312595
566825
259971
631843
494554
31795
497621
926291
900447
171947
81987
677701
359590
827050
238432
38335
228531
133162
947362
216670
891932
750888
970923
750742
959179
114759
545499
15122
695531
652932
531740
978442
536866
896523
382883
800616
815242
509755
866854
656816
72792
811270
707465
86186
603720
660781
229244
758296
263721
187017
709740
860718
817274
628242
916090
562038
11735
587998
342370
802452
793964
564371
710593
86563
224157
615886
927979
500849
745824
8869
423984
267560
78238
385777
351070
954118
677497
423777
635889
939065
240381
632227
390278
456413
461530
41370
618699
33930
496180
82868
258817
316334
617788
499406
247668
946447
237621
317544
502372
725709
337754
599047
436051
40274
742941
687838
356262
498537
150727
509774
126244
491440
308106
3702
545383
695894
914748
914793
393342
280602
602294
327848
439606
841767
210245
781909
24278
402481
994437
264503
605121
522484
205596
351535
100574
219318
155167
393135
291179
965350
896105
992567
911770
934808
504376
668685
280358
610381
554090
893485
208390
392258
887234
122282
111303
687655
668783
834041
291055
865082
121241
246898
983674
231855
718521
206278
878459
374070
691517
680146
76430
219031
180822
516698
515673
561421
875858
334907
370888
344450
886944
918374
51229
727116
884622
292008
823875
961513
457563
926994
996158
454041
269566
657484
251937
706137
874459
830427
938963
350679
498683
244462
388993
589252
746544
394856
384935
848950
189507
511036
698691
18217
17420
799637
748222
431386
617458
609446
816927
743917
271439
463573
625348
618964
484045
952150
656145
62494
777518
588143
346192
581155
574364
916057
913201
584478
886617
41377
558963
602073
733041
542659
730504
227565
633504
294211
712638
524985
650255
748520
76923
97813
122109
807233
423100
747757
863123
461866
282568
695811
222623
921342
544478
758857
214268
39666
788110
15518
94818
226797
477700
10683
800956
739257
118764
436310
595183
495269
679434
183311
255417
479736
946410
811769
608671
118133
199712
85742
174567
591795
185477
584985
739876
906968
301566
631189
628869
517771
139766
922213
378932
804497
116006
681616
441255
293031
528773
297174
403252
60673
394911
527366
351177
41361
408328
302750
599631
69753
168212
428043
123193
720289
531329
923523
629725
160256
73353
245560
723004
894405
122944
333566
409899
73517
748526
977864
658566
633998
202881
976178
368732
371414
27891
862491
845164
686550
569348
423265
415629
478719
788723
77690
147502
312853
882477
816362
525894
25960
653208
82644
311238
689888
454458
137784
19088
436053
106436
356747
851606
577292
313446
336998
752513
98476
666823
972596
138483
465446
611327
440445
120083
167757
856200
650965
885862
702036
226673
395852
427786
804491
169600
723577
98915
829891
189754
837087
413349
135802
243281
581466
304313
153678
289315
605442
46727
276732
746379
704490
993787
5560
543982
83152
283503
873611
307143
772144
899283
539657
613242
463126
189872
924819
262030
351207
645860
851920
329008
277819
965252
526508
419979
831705
242591
156701
892042
321993
4969
783282
850684
579858
167576
101854
939265
377326
77309
848148
100894
851160
190615
163294
709052
21785
589763
934923
159432
165841
335972
572293
119548
257083
92485
740146
453326
48938
363583
530404
838832
741547
592922
301144
814235
815766
77477
982609
175461
948295
352861
737653
325305
477864
474196
364503
365519
468639
913458
40368
836926
533282
953035
260421
947677
225186
271100
459737
218446
504804
607475
672643
168939
300310
881178
20184
207450
192694
308406
98959
955505
877078
985759
230401
833460
113977
491192
163897
91554
249135
621913
179466
831046
784402
327308
113325
785780
267555
495281
479191
574478
437049
728467
736120
113167
780284
523746
665254
530841
425000
951539
587144
758410
132694
930815
174798
630300
258378
987695
622347
858923
117244
813367
877005
133479
518721
186225
32146
103989
642544
644441
663348
302857
695669
891689
715995
962681
237067
393191
627653
386745
498025
516348
3650
565256
738150
703945
416047
312938
773903
359933
364978
596954
442477
51089
85204
136070
817870
191088
431354
127254
53650
471815
210638
469126
955262
107686
472958
155555
622835
981420
877456
412115
670645
921477
942211
368955
345762
793161
688918
839831
167119
630002
988618
979378
776781
595739
712208
540584
52401
258469
976142
224327
120374
341557
15347
447105
31287
662805
207026
213553
644435
215063
560686
272321
934559
343949
612368
898596
307372
816701
677065
368794
571913
332533
91114
538807
693678
962306
230790
681916
719553
219772
255566
374719
859644
427026
455882
970065
668071
598609
954131
45921
911251
969475
831619
889689
727499
674836
243348
140410
39432
648094
829848
143642
702047
31564
9308
542431
807873
846390
470719
516181
872207
819363
209298
649306
67689
949677
738182
261472
907459
716269
465998
225564
84631
196461
645911
317991
849969
544739
427154
143732
657904
47004
983186
423968
557692
617000
731437
368317
771474
405508
156440
456094
310694
994333
501810
687616
783677
668477
966981
977898
557065
637890
863115
183726
534495
558346
387050
606473
109320
661530
990323
923990